27.774593
27.731379
27.680775
27.704872
27.68563
27.737904
27.71838
27.690626
27.624577
27.596296
27.654076
27.572834
27.574455
27.605972
27.494312
27.528618
27.576256
27.4873
27.440956
27.473827
27.415417
27.40938
27.38159
27.290222
27.20242
27.237164
27.122353
27.08931
27.091503
27.102295
26.876966
26.830692
26.62933
26.693121
26.381378
26.429745
26.305088
25.933678
25.63568
25.794682
25.874983
26.068035
25.455368
25.982845
25.826717
25.173569
25.66467
25.23859
25.689636
25.282238
25.677635
25.463167
25.250202
24.817268
25.415546
25.276514
24.626217
25.065914
25.371202
24.65961
25.057766
24.86517
24.542702
24.480776
24.309671
24.461597
24.55909
24.261578
24.400045
24.76112
24.699966
24.953465
24.146626
24.474293
25.063307
24.152279
24.587194
23.813133
24.20275
24.22161
24.175056
24.103947
24.193102
23.50175
23.801003
23.622547
23.774609
23.79052
23.993023
23.305296
24.022871
23.598843
23.824978
23.675264
23.596657
23.231842
23.43776
23.322613
23.97527
23.76189
23.59781
23.943027
24.058891
23.62476
23.704853
24.0325
23.568562
24.014366
23.521442
23.418297
23.286697
23.707472
23.652874
23.124157
23.24705
23.206596
22.36034
23.045456
23.251472
22.308868
23.001125
23.08641
23.82936
23.433737
23.25683
22.777843
23.0399
23.261585
23.448742
23.029926
22.85723
23.29862
22.845245
22.82796
22.732182
22.057964
23.978233
23.05205
22.771915
22.392185
22.462955
22.603329
22.143032
23.220104
23.189987
22.339924
22.972599
22.551945
22.76036
22.662754
23.147041
22.332218
22.739313
22.58043
22.423828
22.786596
22.224127
23.011005
22.9983
22.4442
22.646545
23.308863
22.375134
22.51642
22.66571
23.19882
22.75749
23.045391
22.37202
23.01168
22.804293
22.656952
22.6039
23.028152
23.195477
22.418913
22.687906
23.030201
22.649755
22.69357
22.557955
23.097515
22.676628
22.796051
22.279984
22.836006
22.986656
22.403374
22.780819
22.348856
21.878605
22.439854
22.379955
23.200294
22.041317
22.555077
23.344227
22.966194
23.151836
22.084854
22.458826
22.366886
22.066917
22.807302
22.76154
22.205486
22.557882
22.308193
22.332325
22.62075
22.500204
21.719017
21.93029
21.986317
22.127338
22.842499
21.601414
21.72297
21.661062
22.365318
22.478321
21.673906
22.276888
22.003448
21.806644
21.957247
22.438173
22.183006
21.936127
22.08459
22.292412
21.855963
22.975582
22.396797
22.119305
22.512142
22.168007
21.56794
22.336615
21.554485
21.938385
22.575245
21.55958
22.800758
21.955158
22.26359
22.935856
21.645714
22.464893
21.632637
22.436863
22.014141
22.023174
22.171034
22.09666
21.329056
22.117647
22.188236
21.659836
22.274864
21.96165
22.184078
21.986456
21.88485
21.85016
21.508934
22.29985
21.157467
22.197437
21.562233
22.224861
21.64355
21.120275
21.442577
21.9864
22.286106
21.438702
22.331745
21.173172
21.568773
22.298183
21.741896
21.650833
21.775723
21.606335
22.276855
21.728552
21.6819
21.306288
21.317207
21.933285
22.185665
21.128202
21.70263
21.111683
22.118017
22.10807
21.730717
21.9264
21.500923
20.851486
21.613438
21.219757
21.585705
21.472233
21.46699
21.213097
22.09663
21.748505
22.11905
21.726875
21.257938
21.059736
21.454243
21.750847
21.190857
21.311958
21.438713
21.162785
21.706697
21.862478
21.797102
20.284618
20.761765
21.341255
21.919846
21.318521
21.499954
21.627617
21.475027
21.175209
22.02262
21.114395
21.687668
21.296936
21.49061
21.405052
21.06484
21.598717
21.581509
21.83999
21.60649
21.034306
21.921623
21.236477
21.79097
21.470968
20.893894
20.906986
21.254522
21.169796
20.905048
21.196554
21.360683
21.103052
20.341465
21.123447
21.319723
21.034151
21.223412
22.018398
21.172832
20.87101
20.73164
20.851618
20.647022
21.034172
21.520708
20.820784
21.242203
20.75894
20.932247
21.536726
21.203606
21.07155
20.672905
20.855425
20.85434
21.238312
20.873203
20.296415
21.289188
20.572289
20.840324
20.97567
20.409683
20.134338
21.014206
21.430424
21.118938
20.882195
21.06631
20.926037
20.981567
20.55326
20.524343
20.97612
21.015068
20.393744
21.537083
21.396374
20.501013
20.81512
20.832775
20.935947
20.53118
21.133953
20.833559
20.577234
20.661106
20.602825
21.385326
20.619781
20.014729
19.915293
20.741737
21.458622
20.904707
20.637146
20.565582
20.955265
20.778961
20.69563
20.749432
21.61276
20.915565
20.78622
19.991854
19.751286
19.47158
20.116209
20.709976
20.668903
19.62042
20.897417
20.600498
20.04697
19.986195
20.541363
20.66632
20.18534
20.612846
20.110369
20.273293
19.877327
20.492432
19.692913
20.320137
20.221062
20.179718
20.97511
21.420187
20.992096
19.974615
20.36252
19.54451
20.218521
19.695206
20.29302
20.211636
19.696413
19.851833
20.11512
20.210361
19.408794
19.827011
20.088274
20.664345
20.196281
21.15784
20.766506
20.408604
19.595102
19.91026
20.456898
19.88116
19.916157
19.643759
19.604237
20.753729
19.650433
19.513348
19.838682
20.20312
20.33317
20.240322
19.58027
19.858707
19.727844
19.703264
20.073471
20.518908
19.547802
20.338661
19.956184
20.204905
19.622082
20.233398
20.074387
19.444794
20.300394
19.467806
19.965816
20.313766
20.996342
20.174023
19.277336
20.112183
19.986689
19.862652
20.273014
19.418877
20.002512
19.849312
19.837225
19.361536
20.111443
19.614336
20.46774
19.347713
19.622559
19.093336
18.780598
19.422922
19.87791
19.639942
20.607641
19.483543
19.809757
19.809288
19.798107
19.390299
18.830254
19.36509
20.01426
18.671007
19.754757
19.028282
20.074207
19.589394
19.3591
19.386179
19.271572
19.192213
19.425049
20.32843
18.594904
19.176073
19.112171
20.108377
19.038969
19.41973
19.658833
19.194836
19.217438
20.06034
19.809307
19.780869
20.481949
19.870127
18.920183
19.767748
20.147282
19.573689
19.34414
18.973593
19.52983
19.520885
19.57022
20.470905
19.347618
18.187073
19.374245
20.066013
18.935982
19.32763
19.705166
19.63873
20.048485
19.665112
19.421318
18.9949
18.839691
19.620232
19.408411
19.41624
19.713545
19.329372
19.217043
19.6586
19.43199
18.515148
19.311638
18.650185
18.686018
18.000717
18.870064
18.563839
19.480082
19.809464
19.454952
20.110512
19.312744
19.139462
19.252335
18.675962
19.165564
19.19112
18.058392
19.162868
18.893263
18.141258
19.921516
19.156212
18.989023
19.48631
19.591858
18.849648
19.057598
18.959526
19.408396
18.87598
18.798435
19.735947
19.938828
19.089024
19.76966
18.746025
19.177551
18.82037
18.2271
18.808601
19.378263
19.453312
19.271137
18.774673
18.915237
19.396828
19.471886
18.790985
19.705072
18.70058
19.349964
18.319742
18.654766
19.162552
19.101776
19.552013
18.935814
19.14994
19.244198
19.606834
17.775349
18.730314
18.281706
18.599209
19.103806
18.569569
18.63361
18.791195
18.58608
18.614008
19.126333
18.460678
18.48407
18.712582
18.251293
17.920223
18.741095
18.63106
18.892025
19.339628
18.45266
18.487331
18.685936
18.405283
19.273106
18.389977
19.292704
18.798832
17.938065
18.636435
18.465256
17.969429
18.534094
18.825542
19.010582
18.593306
19.33384
17.519379
18.701271
18.867031
19.308504
19.3745
19.657959
19.097578
18.054508
18.701605
18.249207
18.543758
18.785278
18.809177
17.821602
18.239521
18.416862
18.571394
18.890812
17.86781
18.070662
18.635975
19.181974
18.96069
18.804188
17.785131
19.110876
18.12783
17.469585
18.481884
18.61966
18.13703
18.439404
18.26483
18.189137
18.83876
18.628725
18.75074
19.268467
18.35226
18.228928
18.674149
18.879942
18.75424
18.242693
18.575026
17.861235
19.105675
18.715988
18.698948
17.607834
19.271103
18.213367
18.635477
18.063536
18.661816
18.894884
18.388206
17.873737
18.880772
18.110073
18.126406
17.36943
18.22498
18.575594
18.248041
18.253521
19.123459
18.586983
17.690172
18.1918
18.105637
18.371952
18.550766
18.367245
18.273094
18.933874
18.566807
18.030806
17.925545
18.282864
18.45126
17.982746
17.825375
19.346596
18.037502
18.640085
18.489948
18.072063
18.754578
18.101898
18.214993
18.21769
18.882597
19.066515
17.833576
18.825615
18.501059
18.494835
18.572517
18.39495
18.338524
18.255058
18.369236
18.24614
18.709034
18.506435
18.423927
18.52502
18.09164
18.337994
17.30098
18.458687
17.746105
18.578249
17.911983
17.520393
17.715332
18.557287
18.66588
19.093433
18.345871
17.80907
17.606607
18.278767
18.406162
18.764328
18.551258
17.831465
17.95079
18.008492
18.574165
18.809528
18.534777
17.655853
17.699406
18.508205
18.181606
18.11812
18.496437
17.955235
17.40421
18.262934
18.398321
18.512203
17.903376
18.503681
17.391602
18.374252
17.830486
18.025814
17.923414
17.49374
17.996445
17.969837
17.958197
17.846907
18.19344
18.12519
18.495579
17.318253
18.05153
18.00602
18.307894
17.897682
18.458023
17.894888
17.803295
17.939499
17.526497
18.378532
18.16689
17.87414
18.387379
18.092632
19.041025
17.889175
18.084934
17.983929
17.77055
17.847548
18.857983
17.824787
18.035885
18.0807
17.747509
17.391733
18.73291
18.329575
17.881762
17.994518
18.312225
17.500774
17.883465
17.829939
17.84283
18.379547
17.338224
17.819294
18.633707
17.269619
17.589857
17.726658
17.55831
17.840816
18.10094
17.432224
18.571306
18.429058
17.89485
17.965065
18.296131
18.512333
18.151848
17.584522
17.951717
17.946815
16.993164
17.25879
17.88797
18.352036
17.099194
18.217302
18.185852
17.462532
17.734203
18.158512
17.592407
17.426065
17.852224
18.415184
18.097958
17.579437
18.00526
18.143997
17.815014
18.0354
17.577042
17.552801
17.4388
18.061802
17.497694
18.117477
17.452938
18.083881
17.528118
17.937647
18.5499
17.139038
17.383951
17.739529
17.590858
18.687023
17.502209
17.416935
17.46719
17.837917
18.417122
17.784462
17.46205
17.587885
18.131054
18.044525
18.66231
18.065674
18.351994
17.155891
17.170105
17.49754
17.54697
17.061125
17.950676
17.77301
17.196182
17.46968
18.253635
17.995377
17.33104
17.450956
17.514082
17.94556
17.847427
17.274881
17.443443
17.483711
17.82336
18.108929
18.3541
17.123995
18.047655
17.084047
18.29669
18.182571
18.069748
16.972157
17.862833
17.350616
17.496508
17.97582
17.30872
18.29985
17.45937
17.959652
17.571932
17.469238
16.714264
15.942299
17.458138
17.644428
17.543907
17.735754
17.267267
17.19741
17.789724
17.657671
17.160225
17.64487
17.570646
17.159779
17.13846
16.80582
18.099203
16.836052
18.349335
17.182808
17.03412
17.778
17.471289
17.07899
16.970915
18.06728
17.758614
17.824337
17.076883
17.91835
16.923431
18.010405
17.463991
17.518955
17.434742
17.409637
16.884308
16.650383
17.044127
17.37685
17.523088
17.472628
17.148434
16.528908
17.306805
17.604824
17.258823
16.891235
17.356335
17.706415
17.284515
17.329899
16.575817
17.730938
16.994848
17.369488
17.305498
17.407846
17.505783
17.582623
17.192919
17.345781
17.545158
17.88467
17.129307
17.282665
17.745716
17.584146
16.510956
17.525024
17.128078
16.861238
17.343077
16.540403
17.336077
17.461353
17.370487
18.112312
17.57483
17.575676
17.276133
16.562845
17.400383
17.660816
17.39666
17.04627
16.857426
17.751026
17.25158
16.573086
16.835264
16.959549
17.409523
17.678896
16.228523
17.459263
17.578907
17.48771
16.783237
16.434347
17.730633
16.771053
17.61858
18.286743
17.273825
17.441095
17.84859
17.2566
16.79874
17.261162
17.637836
17.659924
17.073471
16.657597
17.44854
17.00417
16.37486
16.529142
17.649765
16.604038
17.23825
17.254417
16.485125
17.503094
17.30295
17.36908
16.845352
16.606894
16.768166
16.27588
17.383968
16.989498
17.378773
16.602497
16.623817
17.173307
17.107216
16.885715
16.814125
17.015125
16.467022
17.106594
17.08074
16.610113
16.138382
16.83207
16.520454
16.400646
16.926783
16.834013
16.245022
17.445808
16.217352
16.643356
16.70612
17.257252
16.000002
16.524612
16.401863
16.084566
16.507563
16.799269
16.953608
16.37087
16.377018
17.469275
16.805077
16.680481
16.813084
17.031107
16.767372
16.970379
16.70978
17.007565
16.685425
17.227196
16.611557
16.81722
17.774216
16.29663
17.071472
17.202736
16.464228
17.014198
16.734259
16.337654
16.618397
16.621325
17.042992
17.09415
16.31421
16.40929
16.872921
16.686317
16.427689
16.579027
16.619682
16.530426
17.248055
16.719278
16.647015
16.98994
16.907028
17.051989
16.985626
16.612936
16.945076
16.649403
16.25757
16.49151
16.803009
16.597519
16.703821
16.237219
16.467487
16.619133
16.215609
16.804615
16.751272
16.667397
16.281069
16.061802
16.899158
16.754168
16.487522
16.48368
16.658396
16.915298
16.433998
16.960064
16.756481
17.158485
16.868868
15.899402
16.751257
16.451698
16.170082
15.652707
15.698254
16.89851
16.659866
17.059814
16.867931
16.569326
15.827062
16.112057
16.33537
16.164375
15.635688
16.24792
16.537657
16.002153
15.901838
16.128174
16.693151
16.45225
17.112972
16.773746
16.320513
16.645115
16.56593
16.248693
17.26115
16.458544
16.106953
15.8170395
16.100777
15.735564
16.79645
17.100864
16.591906
17.347578
17.03139
15.925421
16.260384
16.536207
16.09117
15.726695
16.103788
16.593037
16.24793
16.791922
16.90288
15.586663
16.068272
15.930346
16.086796
16.458845
15.657711
16.057575
16.169598
15.689665
16.449812
15.915724
16.114025
16.198353
15.571105
15.716373
16.49152
16.303162
15.91593
15.754187
16.099817
16.13239
16.359583
16.19387
16.323967
16.056362
15.314664
16.251007
16.477886
16.503315
15.367672
16.799837
16.26622
16.338875
15.90769
15.615957
15.480372
16.010742
15.983807
15.563364
16.241901
15.504001
16.091015
16.311468
16.019047
15.870875
15.691925
16.1317
16.359028
15.990105
16.766691
15.7875395
15.435785
16.223204
15.946605
15.784346
15.873863
16.410774
16.412003
16.66386
15.588914
16.060919
15.810398
15.689422
15.019089
16.017376
16.36861
15.629672
14.883442
15.319368
15.230925
16.3805
16.431425
15.5496025
16.107931
15.5324135
15.623862
16.234894
17.028585
15.605448
15.357445
15.545534
16.181822
16.420223
15.941303
15.772039
15.236663
15.96586
15.890446
16.029167
15.089802
15.58975
15.631596
16.129189
16.378305
15.91739
15.864157
15.673861
16.279655
16.065708
16.286005
15.171379
16.191118
15.8036785
15.088524
15.360241
15.7537
15.977913
16.863487
15.954824
15.571481
15.624293
15.610616
15.884567
16.014324
16.29575
16.04339
16.309872
15.909106
16.026928
15.267524
15.789616
15.847078
15.958672
16.190086
15.671051
15.754027
16.153715
15.8438425
15.625544
15.65139
16.009628
16.014572
15.711565
15.873862
16.067394
14.9189825
15.541128
15.421228
15.727273
16.212162
16.04766
15.668659
15.64414
15.3834915
15.345259
15.436031
15.509564
16.413649
15.427151
15.199198
15.192278
15.474514
15.801359
15.943174
15.025103
14.826319
15.793592
15.932068
15.299089
15.120524
15.484028
15.866463
15.049976
16.108318
15.520178
15.041596
15.298977
14.9161415
15.811352
15.150185
15.513464
15.38788
15.548477
15.286018
15.585533
14.3046465
15.447241
15.558399
15.525918
14.994107
15.142323
15.631266
15.146293
15.36042
16.117645
15.773543
15.067777
16.350763
15.168576
15.686155
15.388088
15.566105
15.25233
15.239061
15.155817
14.989351
14.805534
15.07773
15.041028
15.51474
15.087067
15.199474
15.00931
15.405994
15.299766
14.759098
14.855089
15.991998
15.877989
14.915501
14.3799515
14.95199
15.454622
15.483772
14.927738
15.345432
14.908477
14.952093
15.085119
15.408634
14.693223
15.746602
14.96201
15.208939
15.240639
15.299828
14.682646
15.559395
15.878957
15.576392
14.915438
15.62228
15.139057
14.826319
14.83856
14.911851
15.088537
14.929179
15.107613
15.04991
14.892471
14.696653
15.485601
14.99781
14.954638
15.193488
15.652207
14.666407
14.836467
15.05979
15.207026
15.017117
15.287796
14.635679
14.599123
14.530204
16.047915
14.500154
15.273934
14.466829
14.7778
15.163321
14.617559
14.94716
15.195678
15.084316
14.613407
14.951176
14.787421
15.052189
14.820584
14.803028
14.81161
14.682283
15.275698
15.081818
14.2019
14.451059
14.996866
15.139089
14.652824
14.750973
14.909789
14.895171
14.738779
15.139345
14.609661
14.802797
14.97036
14.991351
14.243318
15.128487
14.994612
14.343594
15.198846
14.788431
14.868184
14.70733
14.718236
14.768711
14.699854
14.373812
14.73838
14.907982
15.213497
14.002631
14.667244
14.969709
14.605152
14.859103
15.202911
14.613659
14.520167
14.982306
14.549498
14.279341
14.350336
15.321504
14.542091
14.711281
14.563459
14.960752
15.416188
14.480332
14.501301
14.675178
14.958485
14.924671
14.122385
14.688417
15.07831
13.616852
14.479306
14.037653
14.734851
14.118357
14.688984
14.762766
14.126416
14.126859
14.598661
14.440534
14.952094
14.977373
14.456377
14.377783
13.800827
14.240377
13.686768
15.178062
14.589586
14.327297
14.887594
14.467009
14.9416485
14.694151
14.656612
14.957056
14.860222
14.349698
14.089343
13.725782
14.370925
14.688229
14.8815975
14.66794
14.0980835
14.304843
13.96656
14.729225
14.413618
14.428775
13.796407
14.528342
14.84642
13.808859
13.72615
14.194355
14.400127
14.268963
14.111718
14.360361
14.684647
13.919418
14.293873
14.250737
14.736811
14.038269
14.463036
14.47128
14.185606
14.45401
15.225713
14.309296
13.919777
13.834872
14.2642
14.279726
13.292861
13.490854
13.75467
14.437923
14.7082
13.758936
14.019238
14.619399
14.291
14.3361225
14.582174
13.910249
13.932182
13.87667
14.618404
14.844725
14.455498
14.212248
13.651594
13.388674
14.792754
14.615919
14.826898
14.753405
13.886871
14.595473
13.766352
13.683404
13.513416
13.78797
14.331455
14.489069
13.903945
13.315901
14.377467
14.515426
14.2133255
13.9025135
13.803556
14.25272
13.315261
13.545334
14.181084
14.519675
14.20623
14.032425
13.868713
14.109603
13.943741
14.183758
14.199266
13.834476
14.425573
13.431879
14.305902
13.769436
13.94809
13.575329
12.96302
13.879988
13.779068
13.671688
13.919216
13.533807
14.674782
13.472148
14.158562
13.880618
14.132056
13.016445
13.41218
13.670653
13.572361
14.562783
13.376445
13.98163
13.785744
14.335471
13.618887
14.491634
13.587197
13.932602
14.135807
14.011276
13.208448
13.7072735
14.142325
13.389551
14.413324
14.071749
13.766937
13.370762
13.576412
14.352535
13.572826
14.290679
13.417968
13.978069
13.477229
14.069717
13.716696
13.331405
13.5542755
13.82583
13.7736225
13.621983
13.793247
13.595449
13.772049
13.571339
14.155209
13.758142
13.220852
13.130539
13.351641
13.543205
13.634013
13.462398
13.708075
14.073275
13.288864
13.283792
13.41559
13.601235
12.859278
13.112263
13.235785
13.531723
13.902559
13.149397
13.406604
13.010181
13.843049
13.15832
13.410208
13.368724
13.520561
13.443598
13.830545
13.508177
13.617457
13.4867115
13.815592
13.752573
13.866052
13.300638
13.785313
13.329901
12.635347
13.896702
13.357576
13.410381
14.118641
13.398972
13.528774
13.188731
13.287035
13.875784
13.697809
13.54338
13.476328
13.167872
13.036282
13.193201
13.259673
12.720508
13.861364
13.608234
13.051176
13.367525
14.062191
13.161007
13.454227
14.065429
13.147428
13.067408
13.3684845
13.65728
13.859718
13.247498
13.045713
14.116665
13.774246
13.141048
13.514705
13.431263
13.183633
13.40118
13.455978
13.916766
12.957363
13.133216
13.322705
13.685603
13.05279
13.708686
13.182322
13.449499
12.987941
13.987243
13.101615
13.307108
13.243015
12.424217
13.470438
13.013256
13.387259
13.773888
13.549299
13.534242
12.841997
12.401392
13.03163
13.233089
13.174143
13.437098
13.314862
13.6758175
13.655394
13.216725
13.81247
12.732979
13.144697
12.86123
13.534562
13.738977
13.154404
12.970329
13.642347
12.7524395
13.597759
13.373912
13.237289
13.841137
13.458239
13.1173115
12.866357
13.302699
13.505203
13.030205
12.927766
13.009703
14.0626745
13.22982
12.915199
12.443779
13.547073
13.128666
13.218499
13.259724
13.2361145
12.592202
13.572077
13.530323
13.109029
12.308236
12.916403
12.829496
13.317842
13.021547
13.218542
13.014716
12.906543
13.578303
12.904318
13.522418
13.636301
13.518898
12.736578
13.631836
13.180732
12.908787
13.222082
12.839044
13.237398
13.687494
12.5969925
13.2341385
13.107504
13.416058
12.884968
12.86862
13.309633
13.081217
12.462752
13.12027
12.956825
12.359019
13.499693
12.82879
12.335363
13.608494
12.958675
12.772177
12.937334
13.720289
12.995882
12.019417
12.620158
13.650235
13.167454
13.469175
13.146666
12.255152
13.621904
13.536376
13.270219
13.38953
13.341443
12.685957
13.325695
12.773685
13.258488
12.632196
12.729397
13.310442
12.382356
12.968447
12.905887
13.1202755
13.124662
12.906673
13.452522
13.247017
13.155766
13.266049
13.60719
13.24085
12.598858
12.998536
12.477959
12.455478
12.147985
13.294055
13.080502
12.4327965
12.914427
13.421674
13.056297
12.820872
13.046179
13.561863
12.279866
12.275778
12.336737
12.841543
13.15842
12.69581
13.342228
12.858169
12.5454445
13.033273
13.562369
13.0690775
12.714225
12.244177
12.255173
12.900452
13.128621
12.826309
12.904684
12.569132
13.006071
13.052984
13.0307045
13.151577
12.722428
13.012333
12.61429
13.08082
12.706071
12.9061775
12.442257
12.838772
13.331472
13.4609585
12.304686
12.950684
13.381864
13.432924
13.311901
12.862753
13.234995
12.379032
12.050364
12.464037
12.968725
13.180182
12.6333885
13.555628
12.9499855
13.119335
12.894687
12.489736
12.795223
12.536397
12.936653
13.408302
13.181979
13.577165
13.6847725
11.975717
13.147812
11.898956
12.775215
12.324026
13.207509
12.408884
12.486615
13.118088
12.766182
12.603617
13.158861
13.079538
12.31938
12.530056
13.075991
12.753087
12.6412945
11.750859
12.877065
12.478697
12.622999
13.149703
12.874073
12.542931
12.7894335
13.507277
13.656425
12.832626
13.277903
12.945694
13.358135
12.9566
13.349052
12.816266
13.086639
13.627245
12.175722
13.183857
12.9890175
13.1290245
12.271523
12.265059
12.540022
13.026877
12.286574
13.415949
12.773252
12.654268
11.955969
12.575625
12.409494
11.9639435
12.708813
13.547125
12.274553
12.680567
13.148447
12.733177
11.958971
12.53698
12.840811
12.171955
12.481203
13.412821
13.029102
13.312591
12.535844
11.887869
12.779802
12.601135
13.295462
13.404087
13.404106
13.105238
12.61511
12.423975
12.464857
12.708675
12.242358
13.572367
12.818478
12.279404
13.237579
12.633333
13.16324
12.959777
13.204744
12.903139
13.161634
12.300436
12.25494
12.798034
12.557497
12.971441
12.949978
12.230657
12.816986
13.318642
12.965
12.373736
12.66321
12.724693
11.9185
13.489155
13.109047
12.896957
13.404556
12.853872
12.866793
11.616236
13.00076
12.779693
12.639185
12.825874
12.539045
12.830811
12.951521
13.056944
12.515436
12.705597
12.692511
12.787613
13.498106
11.6985
12.889833
13.333635
13.277166
12.486545
12.375178
12.741232
12.994328
12.624235
12.206664
12.987049
13.049383
12.205902
12.905062
11.934582
13.068834
12.886702
12.797243
12.7400465
12.891019
12.808922
12.358869
12.903065
12.473352
13.225546
12.777685
12.11508
12.405298
12.2995205
11.659203
11.963522
12.352636
12.307485
12.191007
12.869507
12.74406
12.755894
12.562988
12.716752
12.663334
12.954735
12.744749
12.585384
11.860312
12.350414
12.754306
12.414427
13.313597
12.602352
13.265207
12.63744
12.081423
12.437394
12.101536
12.338209
12.061188
12.661985
12.864374
12.572125
12.279709
12.981809
11.440292
12.444887
12.644478
12.542612
12.193972
12.560917
13.071035
12.311426
12.686546
13.061319
12.169738
12.789528
12.211378
13.099384
13.086359
12.015112
13.002375
11.716726
12.336402
12.062149
12.41571
12.836426
12.53142
12.538816
11.956673
12.2461605
12.593718
11.9270735
12.264611
13.195931
12.082253
12.550428
12.315832
12.594953
12.801196
13.024762
12.500732
13.000964
13.039526
12.552753
12.365862
12.727976
13.127058
12.435933
12.410191
12.448618
13.1497
12.576249
12.136927
12.912148
12.008646
12.111259
12.957866
12.1558075
12.370741
12.685994
13.097218
11.963263
12.298821
11.712053
12.91192
13.207283
12.252108
12.701127
12.454405
11.952941
12.930258
12.690018
12.869561
12.631364
12.466614
12.640163
12.770338
12.278094
12.306583
12.50776
11.361717
11.989704
12.67864
13.067518
12.436817
12.825754
11.755868
12.13314
13.592083
12.188997
12.415183
12.324209
12.238865
11.830595
12.556118
12.8339205
12.501728
12.326741
12.327965
12.25451
12.743506
12.772575
12.504922
12.129927
12.980152
12.39758
12.517277
12.423956
12.498065
12.926151
11.791495
12.15599
12.426733
12.573568
12.779779
12.485988
12.369523
12.272747
12.4770565
12.02479
12.3081455
12.099678
12.881721
12.032082
12.467121
12.084229
11.835791
12.567995
12.840032
12.461202
12.373013
12.110825
11.766748
12.755825
11.856741
11.928839
11.413035
11.867058
13.034222
12.238747
11.978872
12.25642
12.2872305
12.802772
12.113821
12.503376
11.752506
12.218102
12.83927
12.093254
12.954771
12.344072
12.550432
11.80793
11.547583
12.226017
12.931618
11.599378
12.536079
12.198571
12.093666
11.7210455
12.285365
12.00338
12.644961
12.026819
11.223054
12.199104
12.410552
11.992638
12.555885
12.695829
12.480423
11.967037
11.807907
12.78551
12.331123
11.908688
12.141737
11.745085
13.081907
12.456326
12.676199
12.580441
12.982172
12.91534
12.993711
12.219257
12.352034
12.287755
12.298609
12.719364
11.7469425
11.930426
13.174222
12.170169
11.827648
11.984071
12.586672
12.874723
12.743962
12.720236
12.242603
12.254118
12.2598
11.975234
11.907709
12.251868
12.022743
12.49474
12.389883
12.438391
12.22916
11.795093
12.443274
12.625433
12.204824
12.319283
12.482838
11.887594
11.89259
12.304373
11.805563
12.045069
12.605804
12.243649
11.801933
12.359505
11.989977
12.398498
11.778601
12.480015
12.402594
11.634606
12.64642
12.787886
12.291803
11.827078
10.965081
11.90819
11.74206
11.63284
12.500582
12.265583
12.232348
12.163938
11.766783
11.430957
12.129854
12.24804
12.064928
12.426676
12.226009
12.472031
11.198556
11.851058
12.029987
12.183709
12.053928
11.570049
11.762604
11.681829
12.684542
12.38714
12.639699
12.101464
11.800302
12.5977
11.856446
12.583578
12.384232
12.159424
12.62188
12.032621
11.777689
12.435499
11.498896
11.506784
12.133962
11.905661
12.24752
12.008886
11.533787
11.828272
11.876783
11.389449
12.285267
12.19639
11.518853
11.659321
11.875306
12.192172
12.236739
12.325909
11.799408
11.978746
11.886261
11.919839
12.79703
12.272353
11.864223
12.590751
12.232585
11.567972
11.547054
11.814589
11.4769745
12.482725
11.822007
11.678525
12.340832
12.398557
11.67145
11.804795
12.089406
11.22047
12.214356
11.359722
12.843143
12.282862
11.919098
11.461191
11.288325
11.752466
12.103991
12.270496
11.556992
12.133521
11.193279
11.434803
11.867635
11.362907
11.827402
11.443225
12.18416
11.551054
12.242416
11.923199
11.919573
11.353088
11.325077
12.338226
11.862666
12.197741
11.893088
12.09079
11.648433
11.399488
11.937168
11.472958
11.874157
11.776904
11.920387
11.9811
11.1707735
10.937376
12.111924
12.121569
11.750242
11.292679
12.416568
11.680818
11.36474
11.928886
12.592408
11.700915
11.563239
11.773192
11.30932
11.603131
11.695423
11.454658
10.92378
12.314913
11.401342
11.169485
12.074303
11.879655
12.094309
11.942488
12.381399
11.258993
11.782028
12.160923
12.046238
11.430325
12.532202
11.560996
11.456947
12.5908785
11.747656
11.320652
11.345057
11.84626
11.4574995
11.942883
11.128868
11.767466
12.432258
11.344072
11.371603
10.839729
11.492408
12.286356
11.876475
12.190947
12.009318
10.980133
11.476545
11.430949
11.318119
11.453283
11.809008
11.721796
12.149523
11.159853
11.299778
12.047626
11.098804
11.655657
11.758861
11.705042
11.108685
11.542036
11.821602
10.664326
11.974373
11.395854
11.4772625
11.209365
11.674996
10.708719
11.251258
11.168878
11.270983
10.923415
11.906086
11.27795
11.8815975
11.466133
11.479225
11.992752
11.884781
11.18639
12.22246
11.401573
11.482191
12.417034
11.264851
11.508098
12.187088
11.329843
11.341512
12.464443
11.634251
11.93681
11.020899
11.031469
10.8560295
11.463983
11.554664
11.327387
11.440598
10.655312
10.841115
10.9288845
11.007337
11.330416
11.870665
11.402924
11.379914
10.94542
11.197016
11.308224
10.537157
10.657582
11.135178
11.401729
11.476498
12.129696
11.086898
11.148109
11.428257
11.162867
11.147095
11.04315
10.969319
10.838447
12.097634
11.671272
10.956064
11.562357
11.316404
10.994046
10.414703
10.393816
11.62141
11.008789
10.564703
11.335672
11.35292
11.21735
11.061161
11.499676
10.954466
11.63266
11.200323
11.257526
11.424776
11.354321
10.858669
10.855413
11.477939
11.707499
10.515528
11.273976
11.537179
11.171102
10.870632
11.362585
11.291093
10.99739
11.589493
10.567536
11.517257
10.998859
11.100311
11.279648
10.697445
11.147364
10.042017
11.862355
11.210348
11.040858
10.785177
11.360668
11.249189
10.76837
11.685593
11.370762
10.662052
11.366292
10.616335
10.899347
11.031496
11.106062
10.596289
10.732695
11.211575
10.661226
11.037531
10.813971
11.123533
10.99908
10.859801
11.106554
11.231066
11.2097435
11.00548
10.988052
10.895136
11.135311
11.609503
10.998758
11.344825
11.174927
11.105223
10.389065
10.51468
10.89368
11.122439
11.560912
10.914347
10.943913
11.052696
10.257385
10.869345
10.9942
10.883592
10.556614
10.900403
10.956463
10.490829
10.521178
10.603428
10.643767
11.1486025
10.746401
10.660711
10.464847
10.962473
10.689435
11.085073
11.274143
11.345295
10.400956
10.773949
11.14934
11.586199
10.978004
10.63891
11.55819
10.854639
10.318199
10.863344
10.594408
10.221043
10.852871
10.373842
11.039719
10.321441
11.583244
11.674479
10.763119
11.264513
10.396152
11.201065
10.998407
11.490622
10.444742
11.168892
10.382275
10.909816
10.950687
10.627106
11.410675
10.535795
10.820748
10.739571
10.909433
10.508549
11.12183
11.162012
10.4093685
10.600611
10.085567
10.781771
10.154484
10.614622
11.212979
10.914008
10.91877
11.043419
10.546795
10.663309
11.607351
10.720074
10.534897
10.76159
10.933281
10.584564
10.261598
10.310274
9.68862
10.951109
10.467611
10.192867
10.630522
10.516559
10.575895
10.1567135
10.50219
10.505241
10.620168
10.735825
10.670546
9.865667
10.661076
10.451885
10.464885
10.772177
10.929106
10.405697
10.435622
10.889494
10.844383
10.396102
10.940783
10.431643
9.81715
10.579688
9.548405
9.985229
11.143323
10.997223
10.389215
9.935578
10.29273
10.247194
10.750786
9.97276
10.162567
10.956955
10.741929
10.086516
10.142956
10.553132
10.939232
10.271067
11.525923
10.64993
10.264101
9.957725
9.896458
10.085697
9.789033
10.569202
10.229797
10.676167
10.242469
10.726959
10.446764
10.055563
10.336113
10.7279625
9.676629
10.186504
10.119692
9.752424
10.849639
10.499468
10.575519
10.867286
10.1430855
10.350543
10.240082
10.404179
10.454326
10.199724
10.036633
10.165966
10.283467
10.209956
9.776949
10.186163
10.782026
10.094746
10.223874
10.414913
11.2312565
10.405446
11.008064
10.975019
9.745089
9.519677
10.45607
10.406179
10.810295
10.251968
9.877395
10.034888
10.872509
10.043821
10.014532
10.329837
9.799442
9.113718
10.475229
10.0610285
10.159235
9.611448
9.836239
9.550304
9.641087
10.3799
10.395605
10.7298975
10.245138
9.753836
10.34482
10.944632
10.078204
10.023372
9.705309
11.140013
10.518423
9.955581
9.823322
10.37814
9.7147045
10.86776
9.714508
10.029921
10.357185
10.253387
10.301613
10.347064
9.859759
10.500159
8.99468
10.553827
10.432831
10.240947
9.97921
10.34976
9.586251
10.492643
10.458942
10.285876
9.837436
8.993946
10.355656
9.436458
9.834978
9.934883
9.722939
9.738249
10.470501
10.478025
10.269817
9.077079
9.895523
10.0004425
10.131363
10.266846
9.686266
10.097746
9.287882
10.0702
9.682589
9.655659
9.936569
9.832775
9.858509
10.080327
9.964956
10.288555
9.761274
10.056282
9.793497
10.297297
8.953055
9.7429285
9.927898
9.56591
9.436184
9.096981
9.548851
9.16454
9.610989
9.509563
9.60286
9.514829
9.33863
9.849119
9.911282
9.435398
8.783684
10.03628
9.763951
9.262896
9.77128
9.357233
9.527994
10.228202
9.100124
10.283332
9.460602
9.27918
9.463086
10.088082
9.215094
9.871285
9.690403
9.83816
9.287618
9.738352
10.182287
9.893233
9.568083
10.073818
9.042643
9.587457
9.597999
9.42915
9.388566
9.453327
9.494808
9.094312
9.254963
9.19095
9.58336
8.977596
9.25833
9.916001
9.8110485
8.878561
9.762376
9.871672
9.919548
9.407417
9.2110405
9.981353
10.307673
9.459984
8.888496
9.112333
9.785789
8.762389
9.116732
9.363781
9.776348
9.623154
9.549541
9.885938
10.499109
9.083878
9.973743
9.606619
9.127619
9.702274
9.539085
9.495111
9.1607685
9.2206335
9.975391
9.264884
9.917736
9.170622
8.686899
9.414677
9.134128
9.440411
9.51353
8.638978
9.348013
10.157928
9.284599
8.899914
9.967425
9.4723
9.269609
9.222059
9.613186
8.925428
9.169692
10.169661
8.937767
8.382788
9.364839
9.11883
9.086503
8.712209
9.109259
8.937533
8.67382
8.976835
8.809514
9.130065
8.588373
9.245754
9.136621
8.712955
8.893362
9.390122
9.232096
9.268875
8.894571
9.230138
9.12148
9.060659
9.527547
8.920764
8.7665615
9.109468
8.827973
8.8173065
9.135456
8.718874
8.392393
8.907762
9.221722
9.227163
8.73171
9.220255
9.411347
9.230985
8.708204
7.8482666
8.845719
8.555275
9.014552
8.293604
9.035301
8.053258
8.4397955
8.980062
9.162123
9.444627
8.441065
8.907053
9.412788
9.2910795
9.041826
9.451439
8.447348
8.731254
8.800701
8.868005
8.202194
8.891453
8.753267
8.800822
8.735152
8.415797
9.41477
8.602085
8.72999
8.415142
8.666665
9.197578
8.68137
8.522501
9.186642
8.591686
8.538544
8.782562
8.603571
8.758266
8.907363
8.329157
8.330351
9.951567
8.278895
8.855116
8.665689
9.168627
8.581894
8.638651
8.210808
8.925428
8.821997
8.972271
8.3598385
8.56188
8.610025
7.81166
8.453118
9.137244
8.091668
8.624414
8.874054
8.526312
7.9679813
8.813734
8.908214
8.692303
9.292805
9.058441
8.376844
8.148003
8.671954
8.822482
8.448441
8.682449
8.292547
8.488798
8.252198
8.4715
8.54676
8.271397
8.462424
8.666013
8.321569
8.431984
8.068553
8.250946
8.753986
7.7034426
8.433998
8.728434
8.598382
8.391445
9.068577
8.412469
7.929865
8.638725
8.177566
8.398655
8.203662
8.463251
9.034404
8.667778
7.7093315
8.724955
8.502913
8.248077
8.3094635
7.71491
8.257084
8.3188095
8.220081
7.912872
8.7430315
7.623269
8.478091
8.6446
8.831671
7.8934364
8.641004
8.09684
8.015504
8.689622
8.2202015
7.709777
8.955889
8.293962
8.094243
8.642132
8.016987
8.263609
8.197624
8.590227
8.110246
7.5325193
8.074049
7.5518513
8.471008
8.030804
8.619896
7.7945757
8.3646755
8.315937
8.057869
8.110137
8.629898
7.5287857
8.178104
8.796114
8.254417
8.498871
7.789079
8.078005
7.718424
8.078636
8.76855
7.711849
8.101959
8.363206
8.616632
8.314955
8.650117
8.156787
7.512069
8.81233
8.050728
8.441883
8.345194
7.965476
8.194864
8.610889
7.841817
8.424563
7.9298897
7.9858246
8.470822
7.601342
8.123048
7.9616547
7.6779423
8.008619
7.9186625
8.468378
8.01528
7.826838
8.102509
8.09447
8.685419
8.614546
8.047261
7.7754884
7.916357
8.164536
8.323482
7.9369125
8.114847
6.9008555
7.365179
8.594183
8.670795
7.941164
8.216516
8.225731
8.096444
8.611972
8.26819
7.6961884
8.484258
8.225309
8.061204
7.7904515
8.252523
7.7529397
7.7891483
7.9724064
8.277229
7.690873
7.817234
8.057695
7.3736105
8.559044
7.261607
8.395866
7.88086
8.207493
7.7939196
7.7351465
8.2320175
7.892761
7.452873
7.862357
7.4954367
7.940168
7.935813
7.2911158
8.2179165
8.248082
7.730569
8.050736
8.061247
7.2247295
7.907094
8.344867
8.130817
7.329795
7.2456775
7.8047543
7.695833
7.7903666
7.1299753
8.08076
7.2671757
7.443761
7.6120625
7.4906297
7.972485
7.8427005
7.9038067
7.975225
7.882248
7.7906427
7.5140285
7.3539457
7.765997
7.439001
7.626499
7.6678095
8.54858
7.37632
7.4164596
8.233601
7.92564
6.9283166
7.553589
7.9712324
7.4796925
7.6522903
7.346211
7.766535
8.048115
7.7740927
7.5690727
7.6349716
8.18265
7.930894
7.022194
7.176256
7.619763
7.8068724
7.5722723
7.4770584
7.4503565
7.689255
8.115915
7.4168997
7.234865
7.2043967
7.543016
7.1974773
7.8177185
7.919995
6.6379104
7.86954
6.840619
7.640872
7.2144012
7.885105
8.317702
7.806202
7.0664954
7.666908
7.848044
7.5721655
7.0057015
7.219392
7.7921443
8.173355
7.2281713
6.5910187
7.393211
7.0966444
6.903659
7.7937317
7.5220184
8.057173
7.4485273
7.9848733
7.3340435
8.06356
7.520258
7.4443145
7.6385436
7.8171563
8.359808
7.3144326
7.135762
6.608366
7.3310294
7.6654253
7.443432
7.1948085
7.2137547
6.694806
7.3653393
7.862006
7.5652637
7.210102
7.303313
7.4991617
7.513498
7.303484
7.1550274
7.295925
7.533862
7.085085
7.0489063
7.33729
7.2573338
7.0541525
7.160327
7.5724525
7.939769
7.1927395
7.3639154
7.9436393
6.899392
7.4689837
7.243048
7.4805326
7.014017
7.5102262
7.2283845
7.2372494
8.108046
7.5537033
6.90974
7.0349092
7.1120057
7.294444
7.369225
7.7070484
7.255018
7.5749474
7.178283
7.295744
7.074918
7.8271
6.887004
7.031652
6.952816
7.596424
7.110753
7.1741724
7.5994015
7.221827
7.422518
7.1046877
7.5078516
7.0544634
7.6651735
7.4728494
7.5752726
6.9927616
7.154975
6.6957674
7.636487
7.134124
7.960761
7.315074
6.8134365
6.6758413
7.13848
7.1387815
7.691623
6.9117584
7.4653625
7.2070894
7.503646
7.110569
6.6896763
6.8668947
6.847541
7.567628
7.160365
7.1249056
6.5760756
7.12556
6.442791
6.841606
6.377692
7.7069507
6.5117254
8.323334
7.2639904
6.80737
6.902319
7.011619
7.615243
7.143201
6.7032204
6.2283287
7.488763
7.2676153
7.370068
7.289878
7.282836
6.991291
7.0956736
6.7288213
6.9675493
7.0723352
7.144264
6.889887
6.907703
7.069424
7.4754653
6.3472543
7.407501
6.435494
6.8390427
7.6587353
7.1807966
6.706216
7.474155
6.829654
6.9407177
7.4619083
6.878191
7.233508
7.547447
7.465145
6.5603647
7.9645605
7.8107877
6.5564437
7.455489
6.951522
7.0032673
7.6694336
6.8380466
7.297429
7.623505
7.323721
7.338889
7.2404776
6.2963443
6.716415
7.035921
7.15086
7.160255
6.555979
6.798931
7.19195
6.147133
7.315818
6.908941
7.28841
6.425
7.2076344
6.7020226
7.0147676
6.636425
6.9679127
6.4595623
6.4998016
6.793933
6.8503647
6.995688
6.6782465
6.5448313
6.1965036
7.067495
7.2669334
6.8511405
6.8685136
6.773926
6.491569
6.5225854
7.168913
6.7662106
6.8669763
6.667006
6.350545
6.957739
6.767419
6.3599324
6.9539366
6.6920133
6.4000444
7.3712864
6.82918
6.930689
6.8598437
6.388871
7.013515
6.975078
7.264599
6.253845
6.4298406
6.652139
6.3352504
7.036557
6.887108
6.386245
7.0765285
7.002898
7.558256
7.3410664
7.303199
6.2012863
6.3535013
7.237617
7.066251
7.9118643
7.2393303
6.616182
6.5825357
6.1331024
7.037651
6.6817966
7.8116074
6.9901834
7.188851
6.6286774
6.98816
6.5711145
6.9695406
6.160462
6.6667433
6.339423
7.086924
6.620962
6.5158987
6.793706
7.6946526
6.9703894
6.9416437
6.4419193
6.3895187
6.505844
6.4555354
7.0867543
6.5963974
6.9958096
7.194797
6.2963448
7.2881145
6.2771807
6.522522
6.200366
6.66668
6.290885
6.646745
6.687086
7.023921
6.840192
6.6858416
6.377945
7.0683327
6.535001
7.162362
6.2803187
6.801855
6.7252526
6.284541
6.957579
6.83909
6.582608
6.633946
6.16834
6.617266
6.0736017
6.9411883
5.636136
6.675845
6.1021123
6.7623744
5.8844757
6.1581807
6.624235
6.1932917
6.7049537
6.9492555
6.449108
6.9152155
6.6840973
6.3829756
6.133417
6.576963
6.338993
6.8275642
6.504835
5.903448
6.991628
7.1408234
6.9394627
6.9627094
6.624177
6.688884
6.247669
6.497319
6.997365
6.0712533
6.8627415
6.163104
6.07453
6.9518476
5.8176556
6.296936
6.5678225
6.63957
7.308346
5.9290752
7.4161983
6.556874
6.4379826
6.7657433
6.7177896
6.4199433
7.0561757
6.303474
6.699856
6.4573517
6.189246
6.7991323
6.1961136
6.657735
6.9249644
6.5828276
6.8740892
6.8566923
6.4803295
6.93701
7.2953234
6.5043154
6.3590508
6.2711687
6.457363
6.507928
6.2425656
6.4390244
6.6938953
6.0365586
6.874667
6.742683
6.5641327
6.9151316
6.6052017
6.272134
7.0444593
6.0700674
6.4094834
6.9307184
6.258135
6.619426
5.6651278
6.293601
5.433566
6.388407
6.6141453
7.0006757
6.711267
6.810074
6.658633
6.7379894
6.0626755
6.8155756
6.727191
6.3228846
6.7861614
6.7061243
6.5436773
6.164793
7.3804107
6.736302
6.054816
6.113484
6.4219637
6.8582153
6.411274
6.4867887
5.9645185
6.0957727
6.81057
6.4586325
5.6757216
5.642104
6.4226036
6.4599085
6.3281803
5.9440813
6.9529915
6.7408175
6.8217697
6.7003527
6.2047653
7.2228417
5.789483
6.2721205
6.087188
6.434369
6.63706
6.641713
6.034852
6.089934
6.1128283
6.411215
7.073909
6.624836
6.2261863
5.704047
6.528181
6.5164685
6.5359707
6.550088
6.345578
6.1049094
6.507951
6.0226526
7.2873373
6.3642216
6.0200133
5.727642
5.7764854
6.5674295
6.4396358
7.0649796
5.6172676
6.2893744
6.355302
5.9051
5.809527
6.8498044
5.7631288
5.972929
6.7780867
5.823059
6.1475134
6.324588
6.0594463
6.8016243
6.3598394
5.824527
5.76846
6.2456236
6.210247
6.3874564
6.5443068
6.0227804
5.4240804
6.3651514
6.263956
6.0320063
5.916606
6.4076886
6.0168095
6.725696
5.60046
6.171753
6.014949
5.980094
5.512844
6.6942625
6.6750617
6.1250753
6.466899
6.7168703
5.9579487
6.867614
6.2247925
5.5724955
5.6916223
5.9777403
5.818652
6.246418
6.422416
6.416208
5.6377497
5.7769375
6.492117
5.6309757
6.956646
6.422116
6.0580707
6.537249
5.795741
6.116246
6.3265004
6.689291
6.3886857
6.362658
6.3106165
6.155716
6.123519
5.964043
6.522017
5.816855
5.9696703
5.8682566
6.455965
6.6285973
6.483041
6.6982255
6.204171
5.9887276
6.1114206
5.864343
6.1429453
6.613992
5.853175
6.096689
5.919524
6.2389855
5.610897
6.253927
6.0864506
6.3202553
6.786579
5.946746
6.7761974
6.5333166
5.9807777
5.912265
6.732636
5.9713187
5.7560034
5.745655
5.85258
6.578573
6.384848
5.742613
6.329202
6.248821
6.121621
5.637579
5.306469
6.2974615
6.444242
6.926158
5.9636474
5.365777
6.341175
5.828967
6.0584793
6.6916595
6.3286753
6.479398
5.8482122
5.4425325
5.6567054
6.4749594
6.0480027
6.1502333
6.3632917
5.903631
6.4609814
5.8359413
5.9828234
6.4311833
6.542985
6.267601
6.4948397
5.5301228
6.349698
6.453588
5.883827
6.212389
6.3160033
5.1824923
5.8880343
6.019355
6.5778723
6.275614
6.3165917
5.9308453
5.7503414
6.249373
5.611517
5.945587
5.3016663
6.314583
5.650595
5.7717524
6.2540097
5.938267
5.95475
6.2645054
5.9915285
5.911277
6.3542356
5.816046
5.0933323
5.504609
5.058918
5.863943
5.379694
5.796438
6.0277095
5.6774855
5.5321617
5.49891
5.898652
6.073843
5.3980517
5.93486
6.261548
6.2370777
6.167794
6.2144976
6.0308843
5.6016836
6.1143684
5.48424
5.4221096
5.4424086
6.096652
5.6117816
5.695096
5.813651
5.2448235
5.0525236
5.6966043
5.2642913
5.6576166
6.0336847
6.1340995
5.2283354
5.4761524
5.2434816
4.8683386
5.5600157
5.6726127
5.622273
5.9546328
6.139142
5.4344263
5.868214
5.6962214
5.675581
6.0398817
5.2320805
5.2740235
5.6591806
5.6171317
6.2264953
5.5767045
5.9812613
5.8622923
5.1972513
5.954247
5.1628747
5.640106
5.6713142
5.5222387
5.646841
5.740732
5.4775887
5.43148
5.0790863
5.4722667
5.922244
5.7194543
5.2605476
6.4960866
4.944283
5.513838
5.838863
5.6766825
5.8164897
5.5926127
5.509816
5.892289
5.379892
5.6154795
5.088617
5.430476
5.279332
5.6668434
5.453351
5.7217894
5.300363
5.0630326
5.940896
5.52552
5.1089487
5.750983
5.4289246
5.817196
5.2467003
5.593376
5.81396
5.672927
5.5997148
5.0565968
5.3095026
5.539773
5.2285233
5.6831307
5.4973526
5.408907
5.7008543
5.425985
5.619221
5.453805
5.5256796
6.2074814
4.967383
4.889077
5.5198555
5.3614287
4.9359636
5.715888
5.758786
4.91088
5.3498907
5.0612926
5.1004944
5.465278
5.7488775
5.3788824
5.2735243
5.4871902
4.9183607
5.457234
5.4729004
6.013431
4.658348
5.4672375
5.4172697
5.321493
5.3983536
5.271456
5.619307
4.8885703
5.3749356
5.2090683
5.9577312
4.8756437
5.0745792
5.011062
5.371118
5.40458
5.344178
4.9831204
4.9200883
4.752478
5.357024
4.808762
5.778204
5.444938
4.761491
5.000019
5.2521896
4.9579887
5.377067
5.644027
5.099869
4.870202
5.0077477
5.298149
5.1066623
5.201456
5.745508
5.2539945
5.1931567
5.719136
5.116213
5.930117
5.318316
5.29793
4.635191
4.8645544
5.3260145
4.9133334
5.3333483
5.0440245
4.685271
5.539349
5.0841036
5.4512844
4.95632
5.154645
5.0576468
5.026817
4.931696
5.1681747
5.4133525
5.1782584
4.720197
4.5495057
5.4146996
4.8055725
4.685364
5.1271467
5.3675685
5.7237444
4.9355226
4.776185
5.2553635
4.917833
4.923313
4.7234077
4.4912214
5.0057855
5.4857855
4.871494
4.663824
4.838646
5.3950624
4.859241
5.3635283
4.549998
5.218913
4.6223874
5.13768
5.1131997
4.991909
5.138341
5.220443
5.0942497
4.9614754
4.582321
5.21282
4.575774
5.002217
4.7787294
5.1626406
4.8483357
4.9794173
4.9773374
5.106623
4.7450323
4.632263
4.8348017
5.3188276
4.584598
4.347312
4.805125
4.612061
4.642437
4.518961
5.3876843
4.801918
5.259411
5.284773
4.366918
4.3763094
4.9623203
5.0000677
4.770789
4.5449543
4.3697405
4.3200827
4.8904457
4.785992
4.6666775
4.3674927
4.7816954
4.1780443
4.234686
4.7846994
4.9604254
4.210967
4.182938
4.5472884
4.6142216
4.539677
4.867132
4.385136
4.9813724
4.845744
4.0911293
4.895295
4.806885
4.327395
4.2072515
4.4724245
5.192664
5.1140904
5.088907
4.7339396
4.380522
5.0105567
4.65213
5.046851
4.609952
4.2371693
4.2614326
4.3995805
4.5775065
4.545947
4.483629
4.478319
4.565196
4.4020853
4.6252365
4.8236423
4.3191667
4.558055
4.3189287
4.469615
5.1471696
4.3418856
4.7353845
4.595685
4.5803976
4.0897098
4.5594
4.356989
4.5156097
4.28769
4.3559394
4.012912
4.2576356
4.6585536
4.4123015
4.0945997
4.0498343
4.4236317
4.131938
4.6695805
4.160099
3.718047
4.4827023
4.400935
4.5992584
3.7373514
4.2422504
4.722927
4.1869655
4.224905
4.107089
4.393714
3.9422748
4.894022
4.152111
4.299703
4.135419
4.5286875
4.241109
4.111271
4.2786674
4.450718
4.3173575
3.7455542
4.1320944
3.7921882
3.7849362
4.480579
4.477314
4.549589
3.9272988
4.098923
3.8937156
4.256596
4.8085566
4.1751833
4.0829787
3.6490219
3.9203796
4.0062604
4.3139286
4.3778253
3.7209148
4.2897897
3.916742
4.340653
3.455885
4.4866724
4.218777
3.9381933
4.595489
3.8008475
4.476994
3.8712077
3.8170576
3.9035234
3.8620586
4.183919
3.6554058
4.0288496
4.069206
4.0140142
3.9277577
3.8562055
3.9369555
4.239731
4.173974
4.125731
4.5279455
3.894262
3.9205937
4.186589
3.6275678
4.176099
3.6546369
3.899819
3.7925086
3.7405915
3.910203
4.0066786
4.2993813
3.4190094
4.786364
4.0664067
4.0219793
4.3242993
4.0344024
3.4185567
3.9033394
3.996587
4.008892
3.9897356
4.2992926
3.6810257
3.6373503
4.357688
4.088073
3.9539468
4.197174
4.183627
3.9470649
3.897911
4.2459116
3.6588295
3.9610896
3.9214723
3.7404943
4.015463
4.2441416
3.4581108
3.7440016
3.7950964
4.086155
3.404708
3.868445
3.8384612
4.2189083
3.5699139
4.2118797
3.912478
3.9387414
4.100732
3.8582497
3.7497106
3.6875608
3.8545547
4.091443
4.004046
3.602109
3.8760378
3.5060458
3.601284
3.3424697
4.3417735
3.3250675
3.8813167
3.6261683
3.644995
3.5585394
3.5062888
3.3962684
3.5792475
3.5544667
3.241191
4.0165625
3.8067281
3.5009613
3.5044012
3.8773384
3.8697557
3.6003706
3.8135762
3.3209884
3.428811
3.4623852
3.4446003
3.4925804
4.009362
3.4177394
4.1842055
3.4772723
3.7062824
3.2435737
3.521065
3.4992585
3.4668934
3.4587717
3.3526416
3.5383677
2.9005444
3.7169795
3.0610204
2.9577227
3.0152063
3.9386973
3.2765567
3.5009959
3.0690746
3.380969
4.274381
3.3176339
3.42461
3.4982414
4.043875
3.4013953
3.355698
3.4114318
3.4274602
3.5237756
3.6158032
3.5463147
3.2569063
3.4858825
3.226651
3.1723986
3.7973816
2.800355
3.98843
3.729329
2.8013325
3.2684288
3.1818051
3.287857
3.6634643
3.5547252
3.9732096
3.4342256
3.728878
3.7938921
3.3536603
3.1546593
3.1890786
3.222487
3.2231276
3.5536652
3.144034
3.6733603
3.2006218
3.4239542
3.0997992
3.2431917
3.5453491
3.9347267
3.6843567
3.6451008
3.3125134
3.0878298
3.428856
3.4356334
3.115308
3.3102446
3.2303023
3.9968393
3.7180266
3.2120695
3.0849626
3.2972708
3.3015943
3.2004743
3.8307729
3.162228
3.6428258
3.3109288
3.2218966
3.7556205
3.1905525
3.1030078
3.398001
3.7340093
3.329079
3.2598739
3.7483423
3.5408244
3.6640172
3.578971
3.3301978
3.1999402
3.2463152
3.3260677
3.0682175
3.5138526
3.0605764
3.8023105
3.5956554
2.5542226
3.58014
3.4227307
3.1268227
3.200299
3.7197483
3.5584986
3.6656187
3.3427787
3.2383544
3.4660776
3.08947
3.0935674
3.569412
3.5533822
3.4529946
3.8270621
2.9657772
3.4364517
3.0364726
3.3941662
3.1521664
2.9842567
2.9372277
3.440229
3.1812408
3.3783555
3.5091615
3.397429
3.1316414
2.9910874
3.2725182
3.4578383
2.9896939
2.7465975
3.14368
2.9646764
3.3409717
3.0088575
3.2298079
3.2372537
2.778507
3.5185416
3.0935626
2.7182312
2.6582503
2.877002
3.0054712
2.5781884
3.0181954
2.8858967
3.3064454
2.9776614
3.1528115
3.507667
3.7342963
2.985926
2.9494376
3.0227938
2.815313
2.6875448
3.0581093
3.2832165
3.1184092
2.7952187
3.1336722
3.1721764
2.8838377
2.884864
3.154634
3.1080105
2.8248835
3.267345
3.0023723
2.3798447
3.1086361
2.6725764
3.1248574
2.9925084
2.8814926
2.7736022
3.083411
3.3800082
3.3652089
3.0513103
2.7186399
3.1601639
3.3171294
3.0371537
3.062943
2.9570062
3.0095537
2.9765987
2.9323597
3.235522
2.8100233
2.6920729
2.7101092
2.7983265
2.7981195
2.8324862
3.0052872
3.1145368
3.2881832
2.6693783
3.0288768
2.9420853
3.1634498
2.682849
2.6991944
2.9921026
2.9992845
2.7437184
3.2164147
3.0436528
2.5362573
2.660499
3.3170469
2.8720398
2.96337
2.860375
3.1322846
3.03963
2.7881737
2.8459644
2.6672418
2.6943078
2.452168
2.3764687
3.1366353
2.6333022
2.2569385
2.6861608
2.664854
2.6024306
2.5668008
2.5020053
2.7968936
3.2109776
2.417033
2.6835146
2.7820134
2.3836424
2.8972511
2.851512
3.3713417
2.9977431
2.7374706
2.7949545
2.4861605
2.8216486
2.9176912
3.348649
2.2937064
2.8901598
2.3240218
2.4244642
3.6110337
2.6536014
2.7870216
3.131532
2.9708934
2.5705879
3.1796865
3.2333808
2.8349295
2.576724
2.829469
2.6843758
2.9418368
2.6831362
2.4770155
2.8772314
2.8775969
2.8677974
2.6703026
2.4890733
2.680142
2.5078313
3.3335958
2.8169827
2.7278242
2.349659
2.818986
3.17138
2.5982032
2.8695412
2.645631
2.6598134
2.623842
2.686749
2.6112142
2.548974
2.705499
2.7944949
2.5001178
2.0473075
2.89595
2.8050525
2.389986
2.2911136
2.3497958
2.335127
2.848005
2.374617
2.5544991
2.4146757
2.6618729
2.6704302
2.791419
2.4495974
2.5612276
3.0257294
2.3196206
2.662747
2.5339751
2.5649629
2.4385538
3.005816
2.861484
2.5634632
2.4175425
2.3151193
2.4798927
2.0483181
2.3705554
2.416038
2.6277852
2.6140823
2.1549003
2.6735363
2.4680245
2.3779726
2.6539354
2.454444
2.542411
2.7330956
2.6944299
2.0320117
2.2147136
2.2984567
2.2838075
2.2874286
2.8325264
2.6001701
2.6115255
2.6245337
2.5009084
1.9370191
2.3861685
3.1585393
2.6559753
2.0583918
2.5691628
2.648294
2.6572807
2.8556602
2.4064658
2.8088484
2.4505548
2.5797133
2.2799687
2.572397
2.5598683
2.3350604
2.2417064
2.7347155
2.6565766
2.4266627
2.2341242
2.4784672
2.318379
2.1179812
2.4789832
2.290761
2.3839183
2.7672362
2.269637
2.641624
2.5420315
2.1418839
2.2884989
2.2074838
2.473596
2.455147
2.244191
2.3487196
2.6421156
2.7057297
2.0313575
2.5983682
2.3578603
2.2926497
2.2926207
2.7699075
2.6413238
2.4658062
2.7472343
2.6128001
2.1618328
2.2829957
2.421833
1.8662164
2.1929598
2.4415624
1.8942147
2.1513438
2.5497003
2.1137738
2.3519897
2.4852026
2.2517366
1.977529
2.1272745
2.2966454
2.1576629
1.9398898
1.8825743
2.420358
2.2465336
2.2671654
2.2247694
1.838547
2.0801053
2.1889591
2.028622
1.9446459
1.7823989
1.6048443
2.0698879
1.9257079
2.4475622
2.262054
1.9660486
2.219532
2.148372
2.5721624
2.1226552
2.2023706
2.307475
2.074795
2.4324553
1.8786013
2.382257
2.5902863
2.4562066
2.3579323
2.6905575
2.4017966
1.9089015
2.60919
2.2160544
2.0221252
1.9656508
2.354577
2.2455277
1.9985993
1.7876008
1.9282258
2.12713
2.1649663
1.9407902
2.302942
2.058926
2.0129461
1.8435515
2.547823
2.2251654
1.8576161
2.5863478
2.1666746
1.9947193
2.246611
2.2446792
2.5041714
2.2457871
2.0505307
2.2790835
2.1289372
2.475942
2.317278
1.9519782
2.024095
1.8535227
1.9197375
2.0717616
2.4579387
2.2933886
1.601689
1.869015
2.2459536
2.346661
1.8244061
1.9798143
2.0723066
1.8657595
2.26811
1.7992926
1.9809483
2.1296399
2.0549884
1.8862886
1.9301074
1.7257318
1.9043852
1.9565005
2.0963259
1.6763055
2.0525672
1.8307823
1.8459489
1.9449365
1.7327614
1.9217561
1.864944
1.7758818
1.8171455
1.8853205
1.8096853
2.1320152
2.1696563
1.7940612
2.3767533
1.9196347
2.0059257
1.9377894
1.9906827
1.7634292
2.0879807
2.0247893
1.9891818
1.6414948
1.6557671
1.7044277
1.4882083
1.8325562
1.9624243
1.8456228
1.8210387
1.783368
1.7421602
1.8849658
1.930545
1.9414003
1.7294629
2.2542558
1.7540729
1.877727
1.790905
2.3617377
1.6780472
1.6792377
1.7250147
1.779738
2.110034
2.2750652
2.5068364
2.141258
1.7974627
1.7858617
1.9305662
1.8376068
2.0373302
1.7011743
1.631368
2.0093064
1.7132599
2.0208404
1.8193986
1.9915047
1.9932988
1.9462211
1.708327
2.0893354
1.9038584
1.8658664
1.912122
1.814548
1.9688259
1.9598995
1.8854907
1.9700968
1.9811642
1.6812547
1.5274041
2.1221845
1.6301059
1.6430943
1.5645452
1.5572244
1.9938661
1.7432816
1.8680224
1.666531
1.5692408
1.3156656
2.0541587
2.1690302
1.9467262
1.7824967
1.6559511
1.8935958
1.5869212
1.9540823
1.6622341
1.4956225
1.87202
1.6367413
1.9999781
2.1480799
1.7260988
1.8479477
1.3490267
1.7537854
1.8465693
1.704339
1.8297582
1.5240743
1.3188484
1.3288589
1.5811503
1.5470073
1.8544314
1.7801219
1.505198
1.7314292
1.5757151
1.7257137
1.6146678
1.4935551
1.609123
1.3310922
1.3904988
1.746251
1.4916741
1.868055
1.7337418
1.773518
1.785811
1.4439994
1.5013745
1.2227708
1.7748415
1.6082847
1.4744667
1.8152791
1.6632221
1.6568708
1.9882095
1.8814439
1.4129887
1.8047256
1.516717
1.8120711
1.3390238
1.4312497
1.5037166
1.9802551
1.4444747
1.5219449
2.0366497
1.7758408
1.8952543
2.108404
1.9211242
1.8670301
1.9652805
1.8554361
1.7893836
1.344556
1.5730051
1.5490894
1.6634688
1.886189
1.7927078
1.5839405
1.8782481
1.2819788
1.6342918
1.6537428
1.3464174
1.510587
1.406266
1.6675858
1.8195506
1.405858
1.2675098
1.5618526
1.4471251
1.8195672
1.3676023
1.5703988
1.6477516
1.5617265
1.5479398
1.4668486
1.7030936
1.7693051
1.562442
1.8631349
1.6397237
1.6423516
1.379171
1.9383452
1.8611889
1.6339825
1.6108758
1.8848739
1.6813679
1.751367
1.6495998
1.4971626
1.4534757
1.7076671
1.7388252
1.345
1.7050261
1.6188095
1.2923335
1.4425659
1.4865882
1.7470503
1.3057103
1.7728716
1.3432448
1.5743363
1.557363
1.6223226
1.5110037
1.4919013
1.4840319
1.4063666
1.4659207
1.7359078
1.510956
1.720979
1.3933436
1.3055054
1.5253289
1.2205129
1.228375
1.3131905
1.7122822
1.5377232
1.5684202
1.7167066
1.5396326
1.4763999
1.5166128
1.4767656
1.2470336
1.402976
1.3580792
1.2876314
1.6180967
1.3232477
1.3031389
1.7459507
1.7415733
1.4059951
1.1338252
1.5816336
1.4493918
1.481083
1.6143398
1.2596536
1.3968267
1.5035905
1.6314683
1.4179679
1.5228119
1.4722921
1.2902129
1.5094788
1.6934254
1.4374518
1.4783769
1.3764511
1.4880189
1.5613179
1.629149
1.2999423
1.5702996
1.2195103
1.4253032
1.3991325
1.2203616
1.2819217
1.3950695
1.1950998
1.1844265
1.3092651
1.6420448
0.99949014
1.460573
1.2666531
1.4529705
1.3761129
1.4910922
1.1902925
1.3178043
1.37901
1.5167305
1.2874064
1.1375624
1.2120904
1.5371586
1.2934887
1.4082363
1.128835
1.3408926
1.5581318
1.5339782
1.0528834
1.4868251
1.3495564
1.212544
1.244782
1.5793728
1.4128237
1.0561435
1.2019943
1.0044193
1.3162394
1.1774279
1.2219591
1.4371037
1.2814791
1.384226
1.4501535
1.4676371
1.2969269
1.1837034
1.164048
1.4205399
1.1372607
1.2540997
1.6209742
1.7195519
1.4897302
1.5254402
1.3358743
1.549274
1.1319313
1.2973924
1.3307402
1.4280959
1.3090885
1.1232772
1.1748115
1.2207105
1.2268572
1.2030605
1.3694781
1.2550776
1.2974617
1.1084161
1.0104911
1.5203218
1.2609344
1.2655956
1.416532
1.171368
1.2717108
1.2574584
1.3878142
1.2665579
1.2995067
1.1825941
1.6191118
1.1997862
1.2446
1.58887
1.2641507
1.3465997
1.4449954
1.2422351
1.229034
1.514147
1.6482904
1.2630634
1.1346401
1.3096914
1.1123539
1.4725246
1.0575824
1.2787025
1.3276972
1.2779343
1.1765456
1.0749881
1.4163408
1.322314
1.3473887
1.0366395
0.9684305
1.5194423
1.1348946
1.0013894
1.3565309
1.1555274
1.1472487
1.4115527
1.2133281
1.2160035
1.3208175
1.3763512
1.1348255
1.2968384
1.1952481
1.1170816
1.1683245
1.3391671
1.3791965
1.324111
1.3294063
1.1322303
1.4079907
1.0783223
1.1616117
1.3923371
1.0671005
1.0686128
1.0445437
0.9616837
1.1875015
1.5430293
1.2570933
1.1578968
1.247899
1.0333858
1.0904915
1.3478808
1.060674
1.2194165
1.311856
1.1468878
1.0538044
1.0141687
1.4861058
1.1857316
1.0552957
1.2694747
1.0648026
1.7322203
1.0995638
1.428988
1.0652765
1.242187
1.046063
0.9206033
1.1984261
0.95209306
1.0997589
1.0753738
1.1247894
1.2773185
1.0292826
1.2013123
1.1277447
1.0259334
1.0813701
1.0537187
0.85679203
1.0662568
1.3417528
1.1465867
1.2244658
1.0127287
0.99390435
1.0786712
1.2335498
1.3035052
0.98967123
1.0875845
0.9454479
1.177219
1.1785244
1.1519465
1.2285168
1.3393645
1.1172836
1.0819803
1.1352949
1.1237539
1.0918907
1.1528555
0.97860247
1.0353115
1.0179608
1.021932
1.0765753
1.0711415
1.1434408
1.2036868
1.142642
1.2766604
1.2201381
1.1348774
0.85068727
1.1610769
0.95484066
1.0501274
1.4381299
0.86412084
1.049728
0.98915577
1.0147121
1.1276615
1.0933393
1.0399473
1.124892
1.1912954
1.0868852
0.991222
0.8943429
1.077007
0.8450691
1.0967796
0.9862689
0.8838164
0.86030805
1.1699817
1.0352829
0.9605663
0.975571
0.98538965
1.0601764
1.1468992
1.0207362
1.0195708
0.95516795
0.903562
1.0790305
1.1129464
1.0583913
0.81476444
0.92563814
1.0134108
1.0090427
0.9412062
0.95789385
0.9766605
1.0395117
0.95286894
0.94006574
0.9901403
1.019345
1.0678279
0.91358566
1.1222863
1.0152569
0.985466
1.1256899
0.7745402
0.7734412
0.89286864
1.1331769
0.81279373
1.0956683
0.91169
0.9273637
1.0690215
0.9546926
0.9357079
1.0296826
0.8867345
0.78959376
0.7899687
1.132899
1.0161574
0.9427694
1.0105871
0.7632264
0.94535047
1.0192952
0.8995442
0.845315
0.8779314
0.849289
0.8408202
0.9199512
1.1098466
0.7137065
0.9134675
1.0548471
1.0092636
0.9703641
1.0102631
0.98965806
0.882123
0.8525064
0.9222351
0.9122863
0.8457483
0.90928054
0.89662015
0.86274624
0.8441857
1.0248921
1.051385
0.80040646
0.75926447
0.92060053
0.720393
0.88832074
0.81844395
0.8915397
0.804597
0.962422
0.9697262
0.8760052
0.8728275
0.8744956
0.9708276
0.97433895
0.9360968
0.9083934
0.8208905
0.8862626
0.6975865
0.9140658
0.851176
1.0234022
0.96129286
0.8546956
0.94334686
0.9705615
0.92994547
0.9597014
1.0118594
0.85721004
1.1562885
0.8674614
0.77061886
1.0655086
0.933035
0.839977
0.73828566
0.8991965
0.8278899
0.88300645
0.8812196
0.75606406
0.6941917
0.9069071
0.8675044
0.85125643
1.0500902
0.70748276
0.9778129
0.88538253
0.82438993
0.9994945
0.7638794
0.85180336
0.8469702
0.91184485
0.9071055
1.0054721
0.9323283
0.67989475
0.84768546
1.0509921
0.91287905
0.88572645
0.92613506
0.95604396
0.71475494
0.84252805
0.8753438
0.8853286
0.9100021
0.863055
0.71139336
0.87657106
1.0329695
0.9886639
0.76574475
0.76275706
0.96007323
0.9588563
0.8511816
0.8247249
0.8444843
0.8654371
0.7236319
0.7219896
0.973616
0.64831066
0.8214437
0.72050405
0.9270321
0.98875546
0.7871089
0.70899874
0.7726859
0.859427
0.81559765
0.8137358
0.73945343
0.8435492
0.7654381
0.7578113
0.7843342
0.8179708
0.76769024
0.88951325
0.86290085
0.80566555
0.77367926
0.6976396
0.665625
0.77597415
0.8132254
0.73252445
0.7261108
0.7541208
0.720785
0.6794455
0.7713412
0.8563296
0.9210086
0.7262447
0.66260004
0.64305615
0.6397117
0.7435608
0.87995386
0.8112535
0.79431605
0.649158
0.6579084
0.7334055
0.6846768
0.73556167
0.71706676
0.7459502
0.8666106
0.8383062
0.7445419
0.9048516
0.87296057
0.78579783
0.73573923
0.79737186
0.88909113
0.7212188
0.734765
0.810041
0.7792357
0.77194333
0.92528284
0.68211246
0.6880482
0.78608054
0.7278566
0.798697
0.7264173
0.7696334
0.7946799
0.75267184
0.7295838
0.6770288
0.683497
0.74651945
0.68378997
0.67428845
0.7032621
0.87738085
0.5851058
0.8341017
0.67229676
0.6825838
0.72086823
0.6569487
0.74477863
0.64862424
0.71572196
0.6735236
0.8059355
0.6131207
0.69741535
0.8103117
0.7199106
0.68465686
0.76995707
0.81148005
0.775604
0.7902637
0.6938871
0.67583525
0.65971124
0.83556485
1.0154799
0.6714536
0.77368605
0.7217459
0.70595676
0.72604656
0.72499746
0.62978125
0.7715885
0.72538584
0.81868213
0.6012522
0.75578576
0.71851254
0.7538241
0.5256916
0.5684664
0.64710635
0.65474653
0.80952865
0.7332928
0.67559564
0.61097324
0.84764135
0.59830165
0.59413266
0.7761568
0.74037206
0.6341825
0.76429904
0.64212793
0.60795784
0.6768778
0.53891456
0.6421538
0.707978
0.65443563
0.7031456
0.7424247
0.6038513
0.6823305
0.6857164
0.5267473
0.6557125
0.6449696
0.67784476
0.58152485
0.46844855
0.62707514
0.62514555
0.5005921
0.6116952
0.72125113
0.6222542
55.427837
55.467323
55.408436
55.42349
55.461586
55.47296
55.448997
55.414265
55.49721
55.414085
55.43296
55.389595
55.429733
55.436737
55.413197
55.377823
55.396072
55.392662
55.383076
55.353973
55.438995
55.412437
55.38234
55.38417
55.366722
55.363262
55.376644
55.411465
55.364944
55.3865
55.35189
55.358322
55.355034
55.33934
55.30047
55.38958
55.325592
55.294346
55.279106
55.3057
55.32276
55.29197
55.25634
55.28277
55.31014
55.21782
55.255646
55.32402
55.190224
55.23549
55.266777
55.176193
55.197327
55.091187
55.189434
55.14094
55.203663
55.145264
55.070187
55.017807
55.118958
55.158962
54.95249
54.933346
54.94899
54.961792
54.893063
54.954597
54.93364
54.969913
54.76819
54.8695
54.80976
54.853798
54.67932
54.760857
54.95757
54.86814
54.818993
54.84733
54.98246
54.675148
54.5787
54.679794
54.723434
54.664585
54.624012
54.62066
54.678017
54.617737
54.52672
54.680183
54.420166
54.608055
54.582176
54.59241
54.523537
54.506535
54.16689
54.81773
54.301064
54.702087
54.527344
54.5062
54.428738
54.55844
54.680008
54.528828
54.619995
54.52358
54.489384
54.20145
54.48244
54.441925
54.43127
54.48169
54.201324
54.14241
54.405754
54.404816
54.440395
54.174084
54.41407
54.6997
54.262817
54.567585
54.333786
54.187023
53.710762
54.56383
54.189022
54.02008
53.904274
53.856174
53.885826
54.072838
53.7358
54.207542
54.041946
54.347374
53.971687
54.073185
53.851227
53.885994
53.991196
54.150078
53.602417
53.67834
54.17532
54.00025
54.139835
53.778343
54.023247
53.8115
53.825096
53.5007
53.841965
53.680336
53.503525
53.560265
53.42765
53.273552
53.810562
53.605007
53.457138
53.217983
53.761425
53.28341
54.02952
53.469566
53.458992
53.106728
53.128876
53.859
53.5369
53.17414
53.273746
53.042194
53.335022
53.467113
53.088455
53.622265
52.84
53.633293
53.30401
53.603374
52.962364
53.39516
53.433834
53.256012
53.273407
53.39229
53.07138
53.675972
53.490185
52.84813
53.06982
52.91633
53.178047
53.325726
53.170998
53.404793
53.111137
53.398083
53.15992
53.22087
53.41446
53.465637
53.117256
53.2481
53.061913
53.26537
53.06917
52.845924
53.171776
53.15894
53.50828
53.234135
53.24207
52.95439
52.923702
53.172775
53.009007
52.831547
52.87509
53.00339
52.439053
53.334404
53.262493
52.701748
52.633728
53.017624
53.233753
52.2995
52.75702
52.714626
52.93644
52.65076
53.171627
52.434505
52.73374
53.038124
52.821682
53.233704
52.616425
52.475876
53.036182
52.627934
52.724876
53.187317
53.12114
52.57779
52.820854
53.342274
53.069954
52.45705
52.61572
52.44426
52.5463
53.207054
53.379738
52.69931
52.561924
52.902817
52.487427
53.247093
53.098637
52.91365
52.2589
52.782673
52.765102
53.279495
52.42814
52.62414
52.721104
52.62555
52.728073
52.613243
52.844673
52.49607
52.58809
52.87558
52.308777
52.69374
52.33661
52.696587
52.570847
52.980453
52.21248
52.548416
52.60714
52.50069
52.97538
52.99517
52.25351
52.72734
52.484947
52.779232
52.27411
51.253082
52.5913
52.439323
52.785824
52.73153
53.12903
52.963203
52.810455
52.30735
52.778015
52.87065
52.688133
52.311295
52.67319
52.745316
52.174103
53.00405
52.276043
52.095486
52.403725
52.44771
52.47992
52.30528
52.663353
52.50833
52.118946
52.40756
52.679214
52.144737
52.751633
52.747093
52.9592
53.00042
52.356163
52.45433
52.617943
52.523724
52.319397
52.49102
52.32911
52.324734
52.625454
52.145767
52.62496
52.73934
52.26722
52.04343
52.78207
52.27359
52.55374
52.28402
52.459595
52.53624
53.013275
52.427673
52.56418
52.910286
52.516407
52.251656
52.12031
52.445946
52.342083
53.008385
52.874832
52.357445
52.530296
52.427834
52.722214
52.429092
52.47273
52.55259
52.044037
52.08465
52.440674
52.170273
52.646503
52.211216
52.111214
52.515255
52.256714
52.366447
52.551537
52.569138
52.364616
52.12426
52.863625
52.26072
52.313305
52.437218
52.316566
52.243584
52.739433
52.192795
52.505074
52.267467
52.76852
52.005867
52.75406
52.69675
52.2647
52.060295
52.568367
51.87947
52.65059
52.50187
52.912323
52.496864
52.101715
52.493095
52.400223
51.964622
52.463737
52.327698
51.834457
52.207306
52.55375
52.499176
52.649956
52.428345
52.25792
52.51381
51.84006
52.331146
52.708508
52.891846
51.69031
52.173996
52.484642
52.292915
52.578194
52.243515
53.05419
52.056595
52.447765
52.140575
51.9725
52.150726
52.072693
52.84037
52.54951
52.097637
51.976852
51.841175
52.418755
52.07193
52.04557
52.88943
52.412155
52.468426
52.804306
51.990376
52.288208
52.256638
52.603928
52.465733
51.974743
51.89565
52.477055
51.843185
52.007637
52.53504
52.285797
52.438293
51.94153
51.995808
52.116554
52.584892
52.554752
52.13396
51.938953
52.5848
52.83014
52.12372
51.94352
52.84858
52.335876
52.551105
52.16719
51.826324
52.43426
52.48522
52.15951
52.242218
51.895226
51.9394
52.41617
51.92031
52.564903
52.046856
52.475353
52.41749
51.431313
52.23459
52.25353
52.59113
52.730553
52.36866
52.243313
52.010773
51.966274
52.7577
52.555576
52.547436
51.82861
51.532036
52.133316
52.38253
52.122128
52.159496
52.053802
52.372215
52.372513
52.34205
52.424538
51.612877
52.416885
52.286232
51.887615
52.281204
52.59631
51.80273
52.455658
51.781765
51.797455
51.94516
51.80241
52.079918
52.122887
52.404194
52.047405
52.027176
51.747276
51.946205
52.059677
52.009476
51.914482
51.68369
51.532906
52.179333
52.244743
52.013138
51.701324
52.437317
52.118385
51.68617
51.80542
51.42796
51.917473
51.90963
51.493996
51.686527
51.795403
51.611687
51.604546
51.780586
51.724297
52.231155
51.94904
52.13305
51.959816
51.954926
51.54444
51.529068
51.85733
52.41478
51.982197
51.84236
51.64308
51.903824
51.54467
51.722134
51.908413
51.802673
52.399963
51.960114
52.09223
51.61327
52.089226
52.026085
52.471985
52.28398
52.45858
51.80403
51.730873
52.184013
51.89237
51.691113
51.99143
52.06265
52.029922
51.572067
51.73607
52.675594
52.11454
51.938877
52.277527
52.14037
51.992027
51.435936
51.628685
51.886463
51.491352
51.551716
52.310596
51.58842
51.823757
51.516068
51.7216
51.939884
52.470367
51.891983
51.573154
51.901497
51.370247
51.770767
51.50484
51.865387
52.004333
51.962513
52.10118
51.845818
51.783237
51.8483
51.558083
52.541084
51.687805
51.711517
51.696983
52.278336
51.876934
52.67301
52.020813
51.470093
51.939
52.08993
52.07685
51.608852
51.43895
51.968903
51.417168
51.92136
52.177822
52.039352
51.384647
51.537514
52.271545
51.71889
52.095425
52.02684
51.55123
51.956398
51.922905
52.198494
51.849377
51.78649
51.636574
52.1525
51.30031
51.48185
52.2816
51.77666
51.33882
51.63568
52.128174
51.97554
51.616425
51.54329
51.999218
51.486115
51.767937
51.523487
51.91263
51.54592
51.59552
51.589355
51.7811
51.862236
51.587597
51.83349
51.669792
52.103085
51.645798
51.882774
51.81167
51.978523
51.78226
51.448166
52.118565
51.955437
51.614235
51.004124
51.532986
51.640656
51.921295
52.042953
51.439217
51.887627
52.405457
51.81778
51.44866
51.400913
51.751747
52.203644
51.61554
51.019913
51.83488
51.9372
51.478756
51.785034
51.52465
51.90876
51.900066
51.775185
51.577538
52.173775
51.66947
51.12322
51.838478
51.7071
51.306175
51.87092
51.58221
52.076996
52.31928
51.509865
51.770172
52.038918
52.040455
51.682896
51.266182
51.521217
52.16254
51.82295
51.89379
51.210236
52.19757
51.487053
51.83947
51.572277
51.626793
51.5235
51.37677
51.75412
52.270027
51.061295
51.021736
51.28282
51.53681
52.082233
51.680138
51.825077
51.82196
52.16765
51.840275
51.867477
51.324142
51.862305
51.938255
52.014275
51.727806
52.322063
51.786316
51.53215
52.118492
51.78367
51.727654
51.939087
51.34692
51.685333
51.689163
51.229202
51.514107
50.687622
51.506355
51.720802
51.376396
51.699287
51.700138
51.30648
51.843357
51.98991
51.102318
51.386116
51.53096
52.2828
51.867165
51.419872
51.27774
51.64468
51.61942
51.43294
51.55779
51.051804
51.17818
51.029987
51.396843
51.264393
51.673637
52.082787
51.43772
51.901924
51.23906
51.90854
50.676838
51.466835
51.448723
51.973633
51.526245
50.67279
52.05331
52.01725
51.348732
51.40252
51.446312
51.723457
51.672
50.93807
52.09875
51.427364
51.96193
51.284927
51.44207
51.466972
51.1511
51.072273
51.32625
51.693886
51.411133
51.114323
51.48597
51.43634
51.337418
51.072433
51.761925
51.51113
51.452618
51.836426
51.50676
51.9133
51.43175
51.155552
51.34932
51.285206
51.63561
51.47489
51.762665
51.362156
51.38854
51.08743
51.09218
51.573853
51.863132
50.815224
51.453274
51.03096
51.78487
51.832268
51.734425
50.823143
50.82736
51.836212
51.71575
51.174065
51.553024
51.426277
51.473095
51.393692
51.97654
51.277924
51.667534
50.96228
51.879467
51.33726
51.20304
51.76594
52.01648
51.39871
51.486908
51.15964
51.76031
51.55335
51.34479
51.763374
51.65547
51.586258
50.356445
51.451935
51.149445
51.768463
51.335808
51.23423
51.43045
51.579254
51.953625
51.91997
51.755516
51.639763
51.53225
51.308105
52.09046
51.445625
51.058548
51.0146
51.6503
51.23761
51.174706
51.471107
51.01429
51.594986
50.89935
51.29543
51.514606
50.98217
50.73533
50.743362
51.794914
51.517166
51.41474
51.03245
51.26181
51.34972
51.243893
51.509636
50.846138
50.900536
51.607304
50.495182
50.93328
50.71408
51.00009
51.006004
51.474884
51.11087
51.27372
51.07455
51.130814
51.515854
51.204155
50.983208
51.12034
51.17307
51.187393
51.281845
50.784462
50.91745
51.054886
50.653946
51.379257
50.804546
50.624317
51.507545
51.251484
50.71508
51.29701
51.525627
50.981163
51.740383
50.86655
51.412666
51.129707
51.09431
51.14459
51.795097
51.164253
51.67933
51.13587
51.346954
51.114418
51.421543
50.762283
50.92805
51.443027
50.67411
51.458817
50.865715
50.41796
51.37606
50.263252
51.14953
51.35456
51.17437
51.249245
51.278408
50.49515
51.61325
50.92825
51.0117
51.253376
50.488686
51.196236
51.202698
50.92321
50.610596
51.437706
50.151817
51.462646
50.824867
50.920193
50.93554
51.03624
51.32164
51.020027
50.976273
51.160637
51.335464
50.8011
50.99806
51.27465
51.539665
51.399467
51.469112
50.919655
50.457466
51.336998
51.41843
50.766884
50.670944
51.292507
51.4408
50.943825
50.76201
50.878296
50.393536
50.777435
51.09067
51.382004
51.125923
50.07695
50.303474
50.712334
51.141148
50.91221
51.39836
50.55877
50.650734
50.764053
51.000847
50.29311
51.293053
50.29578
50.113087
50.738625
51.36754
50.374004
51.406532
51.05536
50.688595
51.538067
50.580776
50.47682
50.265316
51.44285
50.563286
51.085876
51.036354
50.531975
50.72412
51.18258
50.97062
51.298332
51.44272
51.027264
50.909668
50.5308
50.79673
50.713318
50.776127
51.059814
51.064434
50.242447
49.88221
50.34945
51.16987
49.917076
51.198746
50.392605
50.457157
50.7773
50.420242
50.606308
50.670753
50.189137
50.824303
50.740124
50.789005
51.63247
49.98308
50.8431
50.46075
50.871895
50.50487
50.530727
49.680355
51.50107
51.074936
50.790665
50.14881
50.516327
51.056255
50.435673
50.814095
51.341515
49.95987
50.640152
50.812088
50.375404
50.829865
50.59523
50.922783
50.542458
50.229897
50.26046
50.10476
51.447144
50.47416
50.567135
49.982063
49.76548
50.47055
50.14249
50.266365
50.429253
50.24126
49.600338
50.878784
50.769592
50.792114
50.866737
50.620895
50.073902
50.023804
50.81038
49.97988
49.742706
49.849087
50.208405
50.361755
50.687515
50.14902
50.488987
50.0364
50.28126
49.625496
49.959686
49.78138
50.493904
50.892998
50.752586
50.655006
50.607338
50.416954
49.52668
49.859104
50.607468
49.864487
50.44788
50.540848
50.129005
50.611862
49.58156
49.576534
50.207493
50.45867
49.7608
50.500275
50.332603
49.97544
49.83747
49.755898
50.28636
50.82315
50.08282
50.071976
50.34817
50.33425
49.372
49.48825
50.22973
49.807632
49.959614
50.543327
50.060566
50.178276
50.38539
49.996246
50.031883
49.498734
50.32425
49.50384
49.869987
49.87514
49.49601
49.940613
49.4447
50.114304
49.90747
49.853836
49.248337
49.6454
50.05281
49.443535
50.699852
